x y vx vy
6.372e+006 0 -0.0981645 0 
6.372e+006 0 -0.196329 0 
6.372e+006 0 -0.294494 0 
6.372e+006 0 -0.392658 0 
6.372e+006 0 -0.490823 0 
6.372e+006 0 -0.588987 0 
6.372e+006 0 -0.687152 0 
6.372e+006 0 -0.785316 0 
6.372e+006 0 -0.883481 0 
6.372e+006 0 -0.981645 0 
6.372e+006 0 -1.07981 0 
6.372e+006 0 -1.17797 0 
6.372e+006 0 -1.27614 0 
6.372e+006 0 -1.3743 0 
6.372e+006 0 -1.47247 0 
6.372e+006 0 -1.57063 0 
6.372e+006 0 -1.6688 0 
6.372e+006 0 -1.76696 0 
6.372e+006 0 -1.86513 0 
6.372e+006 0 -1.96329 0 
6.372e+006 0 -2.06145 0 
6.372e+006 0 -2.15962 0 
6.372e+006 0 -2.25778 0 
6.372e+006 0 -2.35595 0 
6.372e+006 0 -2.45411 0 
6.372e+006 0 -2.55228 0 
6.372e+006 0 -2.65044 0 
6.372e+006 0 -2.74861 0 
6.372e+006 0 -2.84677 0 
6.372e+006 0 -2.94494 0 
6.372e+006 0 -3.0431 0 
6.372e+006 0 -3.14126 0 
6.372e+006 0 -3.23943 0 
6.372e+006 0 -3.33759 0 
6.372e+006 0 -3.43576 0 
6.372e+006 0 -3.53392 0 
6.372e+006 0 -3.63209 0 
6.372e+006 0 -3.73025 0 
6.372e+006 0 -3.82842 0 
6.372e+006 0 -3.92658 0 
6.372e+006 0 -4.02474 0 
6.372e+006 0 -4.12291 0 
6.372e+006 0 -4.22107 0 
6.372e+006 0 -4.31924 0 
6.372e+006 0 -4.4174 0 
6.372e+006 0 -4.51557 0 
6.372e+006 0 -4.61373 0 
6.372e+006 0 -4.7119 0 
6.372e+006 0 -4.81006 0 
6.372e+006 0 -4.90823 0 
6.372e+006 0 -5.00639 0 
6.372e+006 0 -5.10455 0 
6.372e+006 0 -5.20272 0 
6.372e+006 0 -5.30088 0 
6.372e+006 0 -5.39905 0 
6.372e+006 0 -5.49721 0 
6.372e+006 0 -5.59538 0 
6.372e+006 0 -5.69354 0 
6.372e+006 0 -5.79171 0 
6.372e+006 0 -5.88987 0 
6.372e+006 0 -5.98804 0 
6.372e+006 0 -6.0862 0 
6.372e+006 0 -6.18436 0 
6.372e+006 0 -6.28253 0 
6.372e+006 0 -6.38069 0 
6.372e+006 0 -6.47886 0 
6.372e+006 0 -6.57702 0 
6.372e+006 0 -6.67519 0 
6.372e+006 0 -6.77335 0 
6.372e+006 0 -6.87152 0 
6.372e+006 0 -6.96968 0 
6.372e+006 0 -7.06785 0 
6.372e+006 0 -7.16601 0 
6.372e+006 0 -7.26418 0 
6.372e+006 0 -7.36234 0 
6.372e+006 0 -7.4605 0 
6.372e+006 0 -7.55867 0 
6.372e+006 0 -7.65683 0 
6.372e+006 0 -7.755 0 
6.372e+006 0 -7.85316 0 
6.372e+006 0 -7.95133 0 
6.372e+006 0 -8.04949 0 
6.372e+006 0 -8.14766 0 
6.372e+006 0 -8.24582 0 
6.372e+006 0 -8.34399 0 
6.372e+006 0 -8.44215 0 
6.372e+006 0 -8.54031 0 
6.372e+006 0 -8.63848 0 
6.372e+006 0 -8.73664 0 
6.372e+006 0 -8.83481 0 
6.372e+006 0 -8.93297 0 
6.372e+006 0 -9.03114 0 
6.372e+006 0 -9.1293 0 
6.372e+006 0 -9.22747 0 
6.372e+006 0 -9.32563 0 
6.372e+006 0 -9.4238 0 
6.372e+006 0 -9.52196 0 
6.372e+006 0 -9.62013 0 
6.372e+006 0 -9.71829 0 
6.372e+006 0 -9.81646 0 
6.37199e+006 0 -9.91462 0 
6.37199e+006 0 -10.0128 0 
6.37199e+006 0 -10.1109 0 
6.37199e+006 0 -10.2091 0 
6.37199e+006 0 -10.3073 0 
6.37199e+006 0 -10.4054 0 
6.37199e+006 0 -10.5036 0 
6.37199e+006 0 -10.6018 0 
6.37199e+006 0 -10.6999 0 
6.37199e+006 0 -10.7981 0 
6.37199e+006 0 -10.8963 0 
6.37199e+006 0 -10.9944 0 
6.37199e+006 0 -11.0926 0 
6.37199e+006 0 -11.1908 0 
6.37199e+006 0 -11.2889 0 
6.37199e+006 0 -11.3871 0 
6.37199e+006 0 -11.4853 0 
6.37199e+006 0 -11.5834 0 
6.37199e+006 0 -11.6816 0 
6.37199e+006 0 -11.7797 0 
6.37199e+006 0 -11.8779 0 
6.37199e+006 0 -11.9761 0 
6.37199e+006 0 -12.0742 0 
6.37199e+006 0 -12.1724 0 
6.37199e+006 0 -12.2706 0 
6.37199e+006 0 -12.3687 0 
6.37199e+006 0 -12.4669 0 
6.37199e+006 0 -12.5651 0 
6.37199e+006 0 -12.6632 0 
6.37199e+006 0 -12.7614 0 
6.37199e+006 0 -12.8596 0 
6.37199e+006 0 -12.9577 0 
6.37199e+006 0 -13.0559 0 
6.37199e+006 0 -13.1541 0 
6.37199e+006 0 -13.2522 0 
6.37199e+006 0 -13.3504 0 
6.37199e+006 0 -13.4485 0 
6.37199e+006 0 -13.5467 0 
6.37199e+006 0 -13.6449 0 
6.37199e+006 0 -13.743 0 
6.37199e+006 0 -13.8412 0 
6.37199e+006 0 -13.9394 0 
6.37199e+006 0 -14.0375 0 
6.37199e+006 0 -14.1357 0 
6.37199e+006 0 -14.2339 0 
6.37199e+006 0 -14.332 0 
6.37199e+006 0 -14.4302 0 
6.37199e+006 0 -14.5284 0 
6.37199e+006 0 -14.6265 0 
6.37199e+006 0 -14.7247 0 
6.37199e+006 0 -14.8229 0 
6.37199e+006 0 -14.921 0 
6.37199e+006 0 -15.0192 0 
6.37199e+006 0 -15.1174 0 
6.37199e+006 0 -15.2155 0 
6.37199e+006 0 -15.3137 0 
6.37199e+006 0 -15.4118 0 
6.37199e+006 0 -15.51 0 
6.37199e+006 0 -15.6082 0 
6.37199e+006 0 -15.7063 0 
6.37199e+006 0 -15.8045 0 
6.37199e+006 0 -15.9027 0 
6.37199e+006 0 -16.0008 0 
6.37199e+006 0 -16.099 0 
6.37199e+006 0 -16.1972 0 
6.37199e+006 0 -16.2953 0 
6.37199e+006 0 -16.3935 0 
6.37199e+006 0 -16.4917 0 
6.37199e+006 0 -16.5898 0 
6.37199e+006 0 -16.688 0 
6.37199e+006 0 -16.7862 0 
6.37199e+006 0 -16.8843 0 
6.37199e+006 0 -16.9825 0 
6.37199e+006 0 -17.0806 0 
6.37198e+006 0 -17.1788 0 
6.37198e+006 0 -17.277 0 
6.37198e+006 0 -17.3751 0 
6.37198e+006 0 -17.4733 0 
6.37198e+006 0 -17.5715 0 
6.37198e+006 0 -17.6696 0 
6.37198e+006 0 -17.7678 0 
6.37198e+006 0 -17.866 0 
6.37198e+006 0 -17.9641 0 
6.37198e+006 0 -18.0623 0 
6.37198e+006 0 -18.1605 0 
6.37198e+006 0 -18.2586 0 
6.37198e+006 0 -18.3568 0 
6.37198e+006 0 -18.455 0 
6.37198e+006 0 -18.5531 0 
6.37198e+006 0 -18.6513 0 
6.37198e+006 0 -18.7495 0 
6.37198e+006 0 -18.8476 0 
6.37198e+006 0 -18.9458 0 
6.37198e+006 0 -19.044 0 
6.37198e+006 0 -19.1421 0 
6.37198e+006 0 -19.2403 0 
6.37198e+006 0 -19.3384 0 
6.37198e+006 0 -19.4366 0 
6.37198e+006 0 -19.5348 0 
6.37198e+006 0 -19.6329 0 
6.37198e+006 0 -19.7311 0 
6.37198e+006 0 -19.8293 0 
6.37198e+006 0 -19.9274 0 
6.37198e+006 0 -20.0256 0 
6.37198e+006 0 -20.1238 0 
6.37198e+006 0 -20.2219 0 
6.37198e+006 0 -20.3201 0 
6.37198e+006 0 -20.4183 0 
6.37198e+006 0 -20.5164 0 
6.37198e+006 0 -20.6146 0 
6.37198e+006 0 -20.7128 0 
6.37198e+006 0 -20.8109 0 
6.37198e+006 0 -20.9091 0 
6.37198e+006 0 -21.0073 0 
6.37198e+006 0 -21.1054 0 
6.37198e+006 0 -21.2036 0 
6.37198e+006 0 -21.3017 0 
6.37198e+006 0 -21.3999 0 
6.37198e+006 0 -21.4981 0 
6.37198e+006 0 -21.5962 0 
6.37198e+006 0 -21.6944 0 
6.37198e+006 0 -21.7926 0 
6.37198e+006 0 -21.8907 0 
6.37198e+006 0 -21.9889 0 
6.37198e+006 0 -22.0871 0 
6.37197e+006 0 -22.1852 0 
6.37197e+006 0 -22.2834 0 
6.37197e+006 0 -22.3816 0 
6.37197e+006 0 -22.4797 0 
6.37197e+006 0 -22.5779 0 
6.37197e+006 0 -22.6761 0 
6.37197e+006 0 -22.7742 0 
6.37197e+006 0 -22.8724 0 
6.37197e+006 0 -22.9706 0 
6.37197e+006 0 -23.0687 0 
6.37197e+006 0 -23.1669 0 
6.37197e+006 0 -23.2651 0 
6.37197e+006 0 -23.3632 0 
6.37197e+006 0 -23.4614 0 
6.37197e+006 0 -23.5596 0 
6.37197e+006 0 -23.6577 0 
6.37197e+006 0 -23.7559 0 
6.37197e+006 0 -23.854 0 
6.37197e+006 0 -23.9522 0 
6.37197e+006 0 -24.0504 0 
6.37197e+006 0 -24.1485 0 
6.37197e+006 0 -24.2467 0 
6.37197e+006 0 -24.3449 0 
6.37197e+006 0 -24.443 0 
6.37197e+006 0 -24.5412 0 
6.37197e+006 0 -24.6394 0 
6.37197e+006 0 -24.7375 0 
6.37197e+006 0 -24.8357 0 
6.37197e+006 0 -24.9339 0 
6.37197e+006 0 -25.032 0 
6.37197e+006 0 -25.1302 0 
6.37197e+006 0 -25.2284 0 
6.37197e+006 0 -25.3265 0 
6.37197e+006 0 -25.4247 0 
6.37197e+006 0 -25.5229 0 
6.37197e+006 0 -25.621 0 
6.37197e+006 0 -25.7192 0 
6.37197e+006 0 -25.8174 0 
6.37197e+006 0 -25.9155 0 
6.37197e+006 0 -26.0137 0 
6.37197e+006 0 -26.1119 0 
6.37197e+006 0 -26.21 0 
6.37196e+006 0 -26.3082 0 
6.37196e+006 0 -26.4063 0 
6.37196e+006 0 -26.5045 0 
6.37196e+006 0 -26.6027 0 
6.37196e+006 0 -26.7008 0 
6.37196e+006 0 -26.799 0 
6.37196e+006 0 -26.8972 0 
6.37196e+006 0 -26.9953 0 
6.37196e+006 0 -27.0935 0 
6.37196e+006 0 -27.1917 0 
6.37196e+006 0 -27.2898 0 
6.37196e+006 0 -27.388 0 
6.37196e+006 0 -27.4862 0 
6.37196e+006 0 -27.5843 0 
6.37196e+006 0 -27.6825 0 
6.37196e+006 0 -27.7807 0 
6.37196e+006 0 -27.8788 0 
6.37196e+006 0 -27.977 0 
6.37196e+006 0 -28.0752 0 
6.37196e+006 0 -28.1733 0 
6.37196e+006 0 -28.2715 0 
6.37196e+006 0 -28.3697 0 
6.37196e+006 0 -28.4678 0 
6.37196e+006 0 -28.566 0 
6.37196e+006 0 -28.6642 0 
6.37196e+006 0 -28.7623 0 
6.37196e+006 0 -28.8605 0 
6.37196e+006 0 -28.9587 0 
6.37196e+006 0 -29.0568 0 
6.37196e+006 0 -29.155 0 
6.37196e+006 0 -29.2532 0 
6.37196e+006 0 -29.3513 0 
6.37196e+006 0 -29.4495 0 
6.37196e+006 0 -29.5477 0 
6.37196e+006 0 -29.6458 0 
6.37195e+006 0 -29.744 0 
6.37195e+006 0 -29.8422 0 
6.37195e+006 0 -29.9403 0 
6.37195e+006 0 -30.0385 0 
6.37195e+006 0 -30.1366 0 
6.37195e+006 0 -30.2348 0 
6.37195e+006 0 -30.333 0 
6.37195e+006 0 -30.4311 0 
6.37195e+006 0 -30.5293 0 
6.37195e+006 0 -30.6275 0 
6.37195e+006 0 -30.7256 0 
6.37195e+006 0 -30.8238 0 
6.37195e+006 0 -30.922 0 
6.37195e+006 0 -31.0201 0 
6.37195e+006 0 -31.1183 0 
6.37195e+006 0 -31.2165 0 
6.37195e+006 0 -31.3146 0 
6.37195e+006 0 -31.4128 0 
6.37195e+006 0 -31.511 0 
6.37195e+006 0 -31.6091 0 
6.37195e+006 0 -31.7073 0 
6.37195e+006 0 -31.8055 0 
6.37195e+006 0 -31.9036 0 
6.37195e+006 0 -32.0018 0 
6.37195e+006 0 -32.1 0 
6.37195e+006 0 -32.1981 0 
6.37195e+006 0 -32.2963 0 
6.37195e+006 0 -32.3945 0 
6.37195e+006 0 -32.4926 0 
6.37195e+006 0 -32.5908 0 
6.37195e+006 0 -32.689 0 
6.37195e+006 0 -32.7871 0 
6.37194e+006 0 -32.8853 0 
6.37194e+006 0 -32.9835 0 
6.37194e+006 0 -33.0816 0 
6.37194e+006 0 -33.1798 0 
6.37194e+006 0 -33.278 0 
6.37194e+006 0 -33.3761 0 
6.37194e+006 0 -33.4743 0 
6.37194e+006 0 -33.5725 0 
6.37194e+006 0 -33.6706 0 
6.37194e+006 0 -33.7688 0 
6.37194e+006 0 -33.867 0 
6.37194e+006 0 -33.9651 0 
6.37194e+006 0 -34.0633 0 
6.37194e+006 0 -34.1615 0 
6.37194e+006 0 -34.2596 0 
6.37194e+006 0 -34.3578 0 
6.37194e+006 0 -34.456 0 
6.37194e+006 0 -34.5541 0 
6.37194e+006 0 -34.6523 0 
6.37194e+006 0 -34.7505 0 
6.37194e+006 0 -34.8486 0 
6.37194e+006 0 -34.9468 0 
6.37194e+006 0 -35.045 0 
6.37194e+006 0 -35.1431 0 
6.37194e+006 0 -35.2413 0 
6.37194e+006 0 -35.3395 0 
6.37194e+006 0 -35.4376 0 
6.37194e+006 0 -35.5358 0 
6.37194e+006 0 -35.634 0 
6.37193e+006 0 -35.7321 0 
6.37193e+006 0 -35.8303 0 
6.37193e+006 0 -35.9285 0 
6.37193e+006 0 -36.0266 0 
6.37193e+006 0 -36.1248 0 
6.37193e+006 0 -36.223 0 
6.37193e+006 0 -36.3211 0 
6.37193e+006 0 -36.4193 0 
6.37193e+006 0 -36.5175 0 
6.37193e+006 0 -36.6156 0 
6.37193e+006 0 -36.7138 0 
6.37193e+006 0 -36.812 0 
6.37193e+006 0 -36.9101 0 
6.37193e+006 0 -37.0083 0 
6.37193e+006 0 -37.1065 0 
6.37193e+006 0 -37.2046 0 
6.37193e+006 0 -37.3028 0 
6.37193e+006 0 -37.401 0 
6.37193e+006 0 -37.4991 0 
6.37193e+006 0 -37.5973 0 
6.37193e+006 0 -37.6955 0 
6.37193e+006 0 -37.7936 0 
6.37193e+006 0 -37.8918 0 
6.37193e+006 0 -37.99 0 
6.37193e+006 0 -38.0881 0 
6.37193e+006 0 -38.1863 0 
6.37193e+006 0 -38.2845 0 
6.37192e+006 0 -38.3826 0 
6.37192e+006 0 -38.4808 0 
6.37192e+006 0 -38.579 0 
6.37192e+006 0 -38.6771 0 
6.37192e+006 0 -38.7753 0 
6.37192e+006 0 -38.8735 0 
6.37192e+006 0 -38.9716 0 
6.37192e+006 0 -39.0698 0 
6.37192e+006 0 -39.168 0 
6.37192e+006 0 -39.2661 0 
6.37192e+006 0 -39.3643 0 
6.37192e+006 0 -39.4625 0 
6.37192e+006 0 -39.5606 0 
6.37192e+006 0 -39.6588 0 
6.37192e+006 0 -39.757 0 
6.37192e+006 0 -39.8551 0 
6.37192e+006 0 -39.9533 0 
6.37192e+006 0 -40.0515 0 
6.37192e+006 0 -40.1496 0 
6.37192e+006 0 -40.2478 0 
6.37192e+006 0 -40.346 0 
6.37192e+006 0 -40.4441 0 
6.37192e+006 0 -40.5423 0 
6.37192e+006 0 -40.6405 0 
6.37192e+006 0 -40.7386 0 
6.37192e+006 0 -40.8368 0 
6.37191e+006 0 -40.935 0 
6.37191e+006 0 -41.0331 0 
6.37191e+006 0 -41.1313 0 
6.37191e+006 0 -41.2295 0 
6.37191e+006 0 -41.3276 0 
6.37191e+006 0 -41.4258 0 
6.37191e+006 0 -41.524 0 
6.37191e+006 0 -41.6221 0 
6.37191e+006 0 -41.7203 0 
6.37191e+006 0 -41.8185 0 
6.37191e+006 0 -41.9166 0 
6.37191e+006 0 -42.0148 0 
6.37191e+006 0 -42.113 0 
6.37191e+006 0 -42.2111 0 
6.37191e+006 0 -42.3093 0 
6.37191e+006 0 -42.4075 0 
6.37191e+006 0 -42.5056 0 
6.37191e+006 0 -42.6038 0 
6.37191e+006 0 -42.702 0 
6.37191e+006 0 -42.8001 0 
6.37191e+006 0 -42.8983 0 
6.37191e+006 0 -42.9965 0 
6.37191e+006 0 -43.0946 0 
6.3719e+006 0 -43.1928 0 
6.3719e+006 0 -43.291 0 
6.3719e+006 0 -43.3891 0 
6.3719e+006 0 -43.4873 0 
6.3719e+006 0 -43.5855 0 
6.3719e+006 0 -43.6836 0 
6.3719e+006 0 -43.7818 0 
6.3719e+006 0 -43.88 0 
6.3719e+006 0 -43.9782 0 
6.3719e+006 0 -44.0763 0 
6.3719e+006 0 -44.1745 0 
6.3719e+006 0 -44.2727 0 
6.3719e+006 0 -44.3708 0 
6.3719e+006 0 -44.469 0 
6.3719e+006 0 -44.5672 0 
6.3719e+006 0 -44.6653 0 
6.3719e+006 0 -44.7635 0 
6.3719e+006 0 -44.8617 0 
6.3719e+006 0 -44.9598 0 
6.3719e+006 0 -45.058 0 
6.3719e+006 0 -45.1562 0 
6.3719e+006 0 -45.2543 0 
6.3719e+006 0 -45.3525 0 
6.37189e+006 0 -45.4507 0 
6.37189e+006 0 -45.5488 0 
6.37189e+006 0 -45.647 0 
6.37189e+006 0 -45.7452 0 
6.37189e+006 0 -45.8433 0 
6.37189e+006 0 -45.9415 0 
6.37189e+006 0 -46.0397 0 
6.37189e+006 0 -46.1378 0 
6.37189e+006 0 -46.236 0 
6.37189e+006 0 -46.3342 0 
6.37189e+006 0 -46.4323 0 
6.37189e+006 0 -46.5305 0 
6.37189e+006 0 -46.6287 0 
6.37189e+006 0 -46.7268 0 
6.37189e+006 0 -46.825 0 
6.37189e+006 0 -46.9232 0 
6.37189e+006 0 -47.0214 0 
6.37189e+006 0 -47.1195 0 
6.37189e+006 0 -47.2177 0 
6.37189e+006 0 -47.3159 0 
6.37189e+006 0 -47.414 0 
6.37189e+006 0 -47.5122 0 
6.37188e+006 0 -47.6104 0 
6.37188e+006 0 -47.7085 0 
6.37188e+006 0 -47.8067 0 
6.37188e+006 0 -47.9049 0 
6.37188e+006 0 -48.003 0 
6.37188e+006 0 -48.1012 0 
6.37188e+006 0 -48.1994 0 
6.37188e+006 0 -48.2975 0 
6.37188e+006 0 -48.3957 0 
6.37188e+006 0 -48.4939 0 
6.37188e+006 0 -48.592 0 
6.37188e+006 0 -48.6902 0 
6.37188e+006 0 -48.7884 0 
6.37188e+006 0 -48.8865 0 
6.37188e+006 0 -48.9847 0 
6.37188e+006 0 -49.0829 0 
6.37188e+006 0 -49.181 0 
6.37188e+006 0 -49.2792 0 
6.37188e+006 0 -49.3774 0 
6.37188e+006 0 -49.4756 0 
6.37187e+006 0 -49.5737 0 
6.37187e+006 0 -49.6719 0 
6.37187e+006 0 -49.7701 0 
6.37187e+006 0 -49.8682 0 
6.37187e+006 0 -49.9664 0 
6.37187e+006 0 -50.0646 0 
6.37187e+006 0 -50.1627 0 
6.37187e+006 0 -50.2609 0 
6.37187e+006 0 -50.3591 0 
6.37187e+006 0 -50.4572 0 
6.37187e+006 0 -50.5554 0 
6.37187e+006 0 -50.6536 0 
6.37187e+006 0 -50.7517 0 
6.37187e+006 0 -50.8499 0 
6.37187e+006 0 -50.9481 0 
6.37187e+006 0 -51.0462 0 
6.37187e+006 0 -51.1444 0 
6.37187e+006 0 -51.2426 0 
6.37187e+006 0 -51.3408 0 
6.37187e+006 0 -51.4389 0 
6.37186e+006 0 -51.5371 0 
6.37186e+006 0 -51.6353 0 
6.37186e+006 0 -51.7334 0 
6.37186e+006 0 -51.8316 0 
6.37186e+006 0 -51.9298 0 
6.37186e+006 0 -52.0279 0 
6.37186e+006 0 -52.1261 0 
6.37186e+006 0 -52.2243 0 
6.37186e+006 0 -52.3224 0 
6.37186e+006 0 -52.4206 0 
6.37186e+006 0 -52.5188 0 
6.37186e+006 0 -52.6169 0 
6.37186e+006 0 -52.7151 0 
6.37186e+006 0 -52.8133 0 
6.37186e+006 0 -52.9115 0 
6.37186e+006 0 -53.0096 0 
6.37186e+006 0 -53.1078 0 
6.37186e+006 0 -53.206 0 
6.37186e+006 0 -53.3041 0 
6.37185e+006 0 -53.4023 0 
6.37185e+006 0 -53.5005 0 
6.37185e+006 0 -53.5986 0 
6.37185e+006 0 -53.6968 0 
6.37185e+006 0 -53.795 0 
6.37185e+006 0 -53.8931 0 
6.37185e+006 0 -53.9913 0 
6.37185e+006 0 -54.0895 0 
6.37185e+006 0 -54.1877 0 
6.37185e+006 0 -54.2858 0 
6.37185e+006 0 -54.384 0 
6.37185e+006 0 -54.4822 0 
6.37185e+006 0 -54.5803 0 
6.37185e+006 0 -54.6785 0 
6.37185e+006 0 -54.7767 0 
6.37185e+006 0 -54.8748 0 
6.37185e+006 0 -54.973 0 
6.37185e+006 0 -55.0712 0 
6.37184e+006 0 -55.1693 0 
6.37184e+006 0 -55.2675 0 
6.37184e+006 0 -55.3657 0 
6.37184e+006 0 -55.4639 0 
6.37184e+006 0 -55.562 0 
6.37184e+006 0 -55.6602 0 
6.37184e+006 0 -55.7584 0 
6.37184e+006 0 -55.8565 0 
6.37184e+006 0 -55.9547 0 
6.37184e+006 0 -56.0529 0 
6.37184e+006 0 -56.151 0 
6.37184e+006 0 -56.2492 0 
6.37184e+006 0 -56.3474 0 
6.37184e+006 0 -56.4455 0 
6.37184e+006 0 -56.5437 0 
6.37184e+006 0 -56.6419 0 
6.37184e+006 0 -56.7401 0 
6.37184e+006 0 -56.8382 0 
6.37183e+006 0 -56.9364 0 
6.37183e+006 0 -57.0346 0 
6.37183e+006 0 -57.1327 0 
6.37183e+006 0 -57.2309 0 
6.37183e+006 0 -57.3291 0 
6.37183e+006 0 -57.4272 0 
6.37183e+006 0 -57.5254 0 
6.37183e+006 0 -57.6236 0 
6.37183e+006 0 -57.7218 0 
6.37183e+006 0 -57.8199 0 
6.37183e+006 0 -57.9181 0 
6.37183e+006 0 -58.0163 0 
6.37183e+006 0 -58.1144 0 
6.37183e+006 0 -58.2126 0 
6.37183e+006 0 -58.3108 0 
6.37183e+006 0 -58.4089 0 
6.37183e+006 0 -58.5071 0 
6.37183e+006 0 -58.6053 0 
6.37182e+006 0 -58.7035 0 
6.37182e+006 0 -58.8016 0 
6.37182e+006 0 -58.8998 0 
6.37182e+006 0 -58.998 0 
6.37182e+006 0 -59.0961 0 
6.37182e+006 0 -59.1943 0 
6.37182e+006 0 -59.2925 0 
6.37182e+006 0 -59.3906 0 
6.37182e+006 0 -59.4888 0 
6.37182e+006 0 -59.587 0 
6.37182e+006 0 -59.6852 0 
6.37182e+006 0 -59.7833 0 
6.37182e+006 0 -59.8815 0 
6.37182e+006 0 -59.9797 0 
6.37182e+006 0 -60.0778 0 
6.37182e+006 0 -60.176 0 
6.37181e+006 0 -60.2742 0 
6.37181e+006 0 -60.3723 0 
6.37181e+006 0 -60.4705 0 
6.37181e+006 0 -60.5687 0 
6.37181e+006 0 -60.6669 0 
6.37181e+006 0 -60.765 0 
6.37181e+006 0 -60.8632 0 
6.37181e+006 0 -60.9614 0 
6.37181e+006 0 -61.0595 0 
6.37181e+006 0 -61.1577 0 
6.37181e+006 0 -61.2559 0 
6.37181e+006 0 -61.354 0 
6.37181e+006 0 -61.4522 0 
6.37181e+006 0 -61.5504 0 
6.37181e+006 0 -61.6486 0 
6.37181e+006 0 -61.7467 0 
6.37181e+006 0 -61.8449 0 
6.3718e+006 0 -61.9431 0 
6.3718e+006 0 -62.0412 0 
6.3718e+006 0 -62.1394 0 
6.3718e+006 0 -62.2376 0 
6.3718e+006 0 -62.3357 0 
6.3718e+006 0 -62.4339 0 
6.3718e+006 0 -62.5321 0 
6.3718e+006 0 -62.6303 0 
6.3718e+006 0 -62.7284 0 
6.3718e+006 0 -62.8266 0 
6.3718e+006 0 -62.9248 0 
6.3718e+006 0 -63.0229 0 
6.3718e+006 0 -63.1211 0 
6.3718e+006 0 -63.2193 0 
6.3718e+006 0 -63.3175 0 
6.3718e+006 0 -63.4156 0 
6.37179e+006 0 -63.5138 0 
6.37179e+006 0 -63.612 0 
6.37179e+006 0 -63.7101 0 
6.37179e+006 0 -63.8083 0 
6.37179e+006 0 -63.9065 0 
6.37179e+006 0 -64.0047 0 
6.37179e+006 0 -64.1028 0 
6.37179e+006 0 -64.201 0 
6.37179e+006 0 -64.2992 0 
6.37179e+006 0 -64.3973 0 
6.37179e+006 0 -64.4955 0 
6.37179e+006 0 -64.5937 0 
6.37179e+006 0 -64.6918 0 
6.37179e+006 0 -64.79 0 
6.37179e+006 0 -64.8882 0 
6.37178e+006 0 -64.9864 0 
6.37178e+006 0 -65.0845 0 
6.37178e+006 0 -65.1827 0 
6.37178e+006 0 -65.2809 0 
6.37178e+006 0 -65.379 0 
6.37178e+006 0 -65.4772 0 
6.37178e+006 0 -65.5754 0 
6.37178e+006 0 -65.6736 0 
6.37178e+006 0 -65.7717 0 
6.37178e+006 0 -65.8699 0 
6.37178e+006 0 -65.9681 0 
6.37178e+006 0 -66.0662 0 
6.37178e+006 0 -66.1644 0 
6.37178e+006 0 -66.2626 0 
6.37178e+006 0 -66.3608 0 
6.37178e+006 0 -66.4589 0 
6.37177e+006 0 -66.5571 0 
6.37177e+006 0 -66.6553 0 
6.37177e+006 0 -66.7534 0 
6.37177e+006 0 -66.8516 0 
6.37177e+006 0 -66.9498 0 
6.37177e+006 0 -67.048 0 
6.37177e+006 0 -67.1461 0 
6.37177e+006 0 -67.2443 0 
6.37177e+006 0 -67.3425 0 
6.37177e+006 0 -67.4406 0 
6.37177e+006 0 -67.5388 0 
6.37177e+006 0 -67.637 0 
6.37177e+006 0 -67.7352 0 
6.37177e+006 0 -67.8333 0 
6.37176e+006 0 -67.9315 0 
6.37176e+006 0 -68.0297 0 
6.37176e+006 0 -68.1278 0 
6.37176e+006 0 -68.226 0 
6.37176e+006 0 -68.3242 0 
6.37176e+006 0 -68.4224 0 
6.37176e+006 0 -68.5205 0 
6.37176e+006 0 -68.6187 0 
6.37176e+006 0 -68.7169 0 
6.37176e+006 0 -68.8151 0 
6.37176e+006 0 -68.9132 0 
6.37176e+006 0 -69.0114 0 
6.37176e+006 0 -69.1096 0 
6.37176e+006 0 -69.2077 0 
6.37176e+006 0 -69.3059 0 
6.37175e+006 0 -69.4041 0 
6.37175e+006 0 -69.5023 0 
6.37175e+006 0 -69.6004 0 
6.37175e+006 0 -69.6986 0 
6.37175e+006 0 -69.7968 0 
6.37175e+006 0 -69.8949 0 
6.37175e+006 0 -69.9931 0 
6.37175e+006 0 -70.0913 0 
6.37175e+006 0 -70.1895 0 
6.37175e+006 0 -70.2876 0 
6.37175e+006 0 -70.3858 0 
6.37175e+006 0 -70.484 0 
6.37175e+006 0 -70.5822 0 
6.37175e+006 0 -70.6803 0 
6.37174e+006 0 -70.7785 0 
6.37174e+006 0 -70.8767 0 
6.37174e+006 0 -70.9748 0 
6.37174e+006 0 -71.073 0 
6.37174e+006 0 -71.1712 0 
6.37174e+006 0 -71.2694 0 
6.37174e+006 0 -71.3675 0 
6.37174e+006 0 -71.4657 0 
6.37174e+006 0 -71.5639 0 
6.37174e+006 0 -71.662 0 
6.37174e+006 0 -71.7602 0 
6.37174e+006 0 -71.8584 0 
6.37174e+006 0 -71.9566 0 
6.37174e+006 0 -72.0547 0 
6.37173e+006 0 -72.1529 0 
6.37173e+006 0 -72.2511 0 
6.37173e+006 0 -72.3493 0 
6.37173e+006 0 -72.4474 0 
6.37173e+006 0 -72.5456 0 
6.37173e+006 0 -72.6438 0 
6.37173e+006 0 -72.7419 0 
6.37173e+006 0 -72.8401 0 
6.37173e+006 0 -72.9383 0 
6.37173e+006 0 -73.0365 0 
6.37173e+006 0 -73.1346 0 
6.37173e+006 0 -73.2328 0 
6.37173e+006 0 -73.331 0 
6.37173e+006 0 -73.4292 0 
6.37172e+006 0 -73.5273 0 
6.37172e+006 0 -73.6255 0 
6.37172e+006 0 -73.7237 0 
6.37172e+006 0 -73.8218 0 
6.37172e+006 0 -73.92 0 
6.37172e+006 0 -74.0182 0 
6.37172e+006 0 -74.1164 0 
6.37172e+006 0 -74.2145 0 
6.37172e+006 0 -74.3127 0 
6.37172e+006 0 -74.4109 0 
6.37172e+006 0 -74.5091 0 
6.37172e+006 0 -74.6072 0 
6.37172e+006 0 -74.7054 0 
6.37172e+006 0 -74.8036 0 
6.37171e+006 0 -74.9018 0 
6.37171e+006 0 -74.9999 0 
6.37171e+006 0 -75.0981 0 
6.37171e+006 0 -75.1963 0 
6.37171e+006 0 -75.2944 0 
6.37171e+006 0 -75.3926 0 
6.37171e+006 0 -75.4908 0 
6.37171e+006 0 -75.589 0 
6.37171e+006 0 -75.6871 0 
6.37171e+006 0 -75.7853 0 
6.37171e+006 0 -75.8835 0 
6.37171e+006 0 -75.9817 0 
6.37171e+006 0 -76.0798 0 
6.3717e+006 0 -76.178 0 
6.3717e+006 0 -76.2762 0 
6.3717e+006 0 -76.3744 0 
6.3717e+006 0 -76.4725 0 
6.3717e+006 0 -76.5707 0 
6.3717e+006 0 -76.6689 0 
6.3717e+006 0 -76.7671 0 
6.3717e+006 0 -76.8652 0 
6.3717e+006 0 -76.9634 0 
6.3717e+006 0 -77.0616 0 
6.3717e+006 0 -77.1597 0 
6.3717e+006 0 -77.2579 0 
6.3717e+006 0 -77.3561 0 
6.37169e+006 0 -77.4543 0 
6.37169e+006 0 -77.5524 0 
6.37169e+006 0 -77.6506 0 
6.37169e+006 0 -77.7488 0 
6.37169e+006 0 -77.847 0 
6.37169e+006 0 -77.9451 0 
6.37169e+006 0 -78.0433 0 
6.37169e+006 0 -78.1415 0 
6.37169e+006 0 -78.2397 0 
6.37169e+006 0 -78.3378 0 
6.37169e+006 0 -78.436 0 
6.37169e+006 0 -78.5342 0 
6.37169e+006 0 -78.6324 0 
6.37168e+006 0 -78.7305 0 
6.37168e+006 0 -78.8287 0 
6.37168e+006 0 -78.9269 0 
6.37168e+006 0 -79.0251 0 
6.37168e+006 0 -79.1232 0 
6.37168e+006 0 -79.2214 0 
6.37168e+006 0 -79.3196 0 
6.37168e+006 0 -79.4178 0 
6.37168e+006 0 -79.5159 0 
6.37168e+006 0 -79.6141 0 
6.37168e+006 0 -79.7123 0 
6.37168e+006 0 -79.8104 0 
6.37167e+006 0 -79.9086 0 
6.37167e+006 0 -80.0068 0 
6.37167e+006 0 -80.105 0 
6.37167e+006 0 -80.2031 0 
6.37167e+006 0 -80.3013 0 
6.37167e+006 0 -80.3995 0 
6.37167e+006 0 -80.4977 0 
6.37167e+006 0 -80.5958 0 
6.37167e+006 0 -80.694 0 
6.37167e+006 0 -80.7922 0 
6.37167e+006 0 -80.8904 0 
6.37167e+006 0 -80.9885 0 
6.37167e+006 0 -81.0867 0 
6.37166e+006 0 -81.1849 0 
6.37166e+006 0 -81.2831 0 
6.37166e+006 0 -81.3812 0 
6.37166e+006 0 -81.4794 0 
6.37166e+006 0 -81.5776 0 
6.37166e+006 0 -81.6758 0 
6.37166e+006 0 -81.7739 0 
6.37166e+006 0 -81.8721 0 
6.37166e+006 0 -81.9703 0 
6.37166e+006 0 -82.0685 0 
6.37166e+006 0 -82.1666 0 
6.37166e+006 0 -82.2648 0 
6.37165e+006 0 -82.363 0 
6.37165e+006 0 -82.4612 0 
6.37165e+006 0 -82.5593 0 
6.37165e+006 0 -82.6575 0 
6.37165e+006 0 -82.7557 0 
6.37165e+006 0 -82.8539 0 
6.37165e+006 0 -82.952 0 
6.37165e+006 0 -83.0502 0 
6.37165e+006 0 -83.1484 0 
6.37165e+006 0 -83.2466 0 
6.37165e+006 0 -83.3447 0 
6.37165e+006 0 -83.4429 0 
6.37164e+006 0 -83.5411 0 
6.37164e+006 0 -83.6393 0 
6.37164e+006 0 -83.7374 0 
6.37164e+006 0 -83.8356 0 
6.37164e+006 0 -83.9338 0 
6.37164e+006 0 -84.032 0 
6.37164e+006 0 -84.1302 0 
6.37164e+006 0 -84.2283 0 
6.37164e+006 0 -84.3265 0 
6.37164e+006 0 -84.4247 0 
6.37164e+006 0 -84.5229 0 
6.37164e+006 0 -84.621 0 
6.37163e+006 0 -84.7192 0 
6.37163e+006 0 -84.8174 0 
6.37163e+006 0 -84.9156 0 
6.37163e+006 0 -85.0137 0 
6.37163e+006 0 -85.1119 0 
6.37163e+006 0 -85.2101 0 
6.37163e+006 0 -85.3083 0 
6.37163e+006 0 -85.4064 0 
6.37163e+006 0 -85.5046 0 
6.37163e+006 0 -85.6028 0 
6.37163e+006 0 -85.701 0 
6.37163e+006 0 -85.7991 0 
6.37162e+006 0 -85.8973 0 
6.37162e+006 0 -85.9955 0 
6.37162e+006 0 -86.0937 0 
6.37162e+006 0 -86.1918 0 
6.37162e+006 0 -86.29 0 
6.37162e+006 0 -86.3882 0 
6.37162e+006 0 -86.4864 0 
6.37162e+006 0 -86.5845 0 
6.37162e+006 0 -86.6827 0 
6.37162e+006 0 -86.7809 0 
6.37162e+006 0 -86.8791 0 
6.37161e+006 0 -86.9773 0 
6.37161e+006 0 -87.0754 0 
6.37161e+006 0 -87.1736 0 
6.37161e+006 0 -87.2718 0 
6.37161e+006 0 -87.37 0 
6.37161e+006 0 -87.4681 0 
6.37161e+006 0 -87.5663 0 
6.37161e+006 0 -87.6645 0 
6.37161e+006 0 -87.7627 0 
6.37161e+006 0 -87.8608 0 
6.37161e+006 0 -87.959 0 
6.37161e+006 0 -88.0572 0 
6.3716e+006 0 -88.1554 0 
6.3716e+006 0 -88.2536 0 
6.3716e+006 0 -88.3517 0 
6.3716e+006 0 -88.4499 0 
6.3716e+006 0 -88.5481 0 
6.3716e+006 0 -88.6463 0 
6.3716e+006 0 -88.7444 0 
6.3716e+006 0 -88.8426 0 
6.3716e+006 0 -88.9408 0 
6.3716e+006 0 -89.039 0 
6.3716e+006 0 -89.1371 0 
6.37159e+006 0 -89.2353 0 
6.37159e+006 0 -89.3335 0 
6.37159e+006 0 -89.4317 0 
6.37159e+006 0 -89.5298 0 
6.37159e+006 0 -89.628 0 
6.37159e+006 0 -89.7262 0 
6.37159e+006 0 -89.8244 0 
6.37159e+006 0 -89.9226 0 
6.37159e+006 0 -90.0207 0 
6.37159e+006 0 -90.1189 0 
6.37159e+006 0 -90.2171 0 
6.37158e+006 0 -90.3153 0 
6.37158e+006 0 -90.4134 0 
6.37158e+006 0 -90.5116 0 
6.37158e+006 0 -90.6098 0 
6.37158e+006 0 -90.708 0 
6.37158e+006 0 -90.8062 0 
6.37158e+006 0 -90.9043 0 
6.37158e+006 0 -91.0025 0 
6.37158e+006 0 -91.1007 0 
6.37158e+006 0 -91.1989 0 
6.37158e+006 0 -91.297 0 
6.37157e+006 0 -91.3952 0 
6.37157e+006 0 -91.4934 0 
6.37157e+006 0 -91.5916 0 
6.37157e+006 0 -91.6898 0 
6.37157e+006 0 -91.7879 0 
6.37157e+006 0 -91.8861 0 
6.37157e+006 0 -91.9843 0 
6.37157e+006 0 -92.0825 0 
6.37157e+006 0 -92.1806 0 
6.37157e+006 0 -92.2788 0 
6.37157e+006 0 -92.377 0 
6.37156e+006 0 -92.4752 0 
6.37156e+006 0 -92.5734 0 
6.37156e+006 0 -92.6715 0 
6.37156e+006 0 -92.7697 0 
6.37156e+006 0 -92.8679 0 
6.37156e+006 0 -92.9661 0 
6.37156e+006 0 -93.0642 0 
6.37156e+006 0 -93.1624 0 
6.37156e+006 0 -93.2606 0 
6.37156e+006 0 -93.3588 0 
6.37156e+006 0 -93.457 0 
6.37155e+006 0 -93.5551 0 
6.37155e+006 0 -93.6533 0 
6.37155e+006 0 -93.7515 0 
6.37155e+006 0 -93.8497 0 
6.37155e+006 0 -93.9478 0 
6.37155e+006 0 -94.046 0 
6.37155e+006 0 -94.1442 0 
6.37155e+006 0 -94.2424 0 
6.37155e+006 0 -94.3406 0 
6.37155e+006 0 -94.4387 0 
6.37154e+006 0 -94.5369 0 
6.37154e+006 0 -94.6351 0 
6.37154e+006 0 -94.7333 0 
6.37154e+006 0 -94.8315 0 
6.37154e+006 0 -94.9296 0 
6.37154e+006 0 -95.0278 0 
6.37154e+006 0 -95.126 0 
6.37154e+006 0 -95.2242 0 
6.37154e+006 0 -95.3223 0 
6.37154e+006 0 -95.4205 0 
6.37154e+006 0 -95.5187 0 
6.37153e+006 0 -95.6169 0 
6.37153e+006 0 -95.7151 0 
6.37153e+006 0 -95.8132 0 
6.37153e+006 0 -95.9114 0 
6.37153e+006 0 -96.0096 0 
6.37153e+006 0 -96.1078 0 
6.37153e+006 0 -96.206 0 
6.37153e+006 0 -96.3041 0 
6.37153e+006 0 -96.4023 0 
6.37153e+006 0 -96.5005 0 
6.37152e+006 0 -96.5987 0 
6.37152e+006 0 -96.6969 0 
6.37152e+006 0 -96.795 0 
6.37152e+006 0 -96.8932 0 
6.37152e+006 0 -96.9914 0 
6.37152e+006 0 -97.0896 0 
6.37152e+006 0 -97.1877 0 
6.37152e+006 0 -97.2859 0 
6.37152e+006 0 -97.3841 0 
6.37152e+006 0 -97.4823 0 
6.37152e+006 0 -97.5805 0 
6.37151e+006 0 -97.6786 0 
6.37151e+006 0 -97.7768 0 
6.37151e+006 0 -97.875 0 
6.37151e+006 0 -97.9732 0 
6.37151e+006 0 -98.0714 0 
6.37151e+006 0 -98.1695 0 
6.37151e+006 0 -98.2677 0 
6.37151e+006 0 -98.3659 0 
6.37151e+006 0 -98.4641 0 
6.37151e+006 0 -98.5623 0 
6.3715e+006 0 -98.6604 0 
6.3715e+006 0 -98.7586 0 
6.3715e+006 0 -98.8568 0 
6.3715e+006 0 -98.955 0 
6.3715e+006 0 -99.0532 0 
6.3715e+006 0 -99.1513 0 
6.3715e+006 0 -99.2495 0 
6.3715e+006 0 -99.3477 0 
6.3715e+006 0 -99.4459 0 
6.3715e+006 0 -99.5441 0 
6.37149e+006 0 -99.6422 0 
6.37149e+006 0 -99.7404 0 
6.37149e+006 0 -99.8386 0 
6.37149e+006 0 -99.9368 0 
6.37149e+006 0 -100.035 0 
6.37149e+006 0 -100.133 0 
6.37149e+006 0 -100.231 0 
6.37149e+006 0 -100.33 0 
6.37149e+006 0 -100.428 0 
6.37149e+006 0 -100.526 0 
6.37148e+006 0 -100.624 0 
6.37148e+006 0 -100.722 0 
6.37148e+006 0 -100.82 0 
6.37148e+006 0 -100.919 0 
6.37148e+006 0 -101.017 0 
6.37148e+006 0 -101.115 0 
6.37148e+006 0 -101.213 0 
6.37148e+006 0 -101.311 0 
6.37148e+006 0 -101.409 0 
6.37148e+006 0 -101.508 0 
6.37147e+006 0 -101.606 0 
6.37147e+006 0 -101.704 0 
6.37147e+006 0 -101.802 0 
6.37147e+006 0 -101.9 0 
6.37147e+006 0 -101.999 0 
6.37147e+006 0 -102.097 0 
6.37147e+006 0 -102.195 0 
6.37147e+006 0 -102.293 0 
6.37147e+006 0 -102.391 0 
6.37147e+006 0 -102.489 0 
6.37146e+006 0 -102.588 0 
6.37146e+006 0 -102.686 0 
6.37146e+006 0 -102.784 0 
6.37146e+006 0 -102.882 0 
6.37146e+006 0 -102.98 0 
6.37146e+006 0 -103.079 0 
6.37146e+006 0 -103.177 0 
6.37146e+006 0 -103.275 0 
6.37146e+006 0 -103.373 0 
6.37145e+006 0 -103.471 0 
6.37145e+006 0 -103.569 0 
6.37145e+006 0 -103.668 0 
6.37145e+006 0 -103.766 0 
6.37145e+006 0 -103.864 0 
6.37145e+006 0 -103.962 0 
6.37145e+006 0 -104.06 0 
6.37145e+006 0 -104.159 0 
6.37145e+006 0 -104.257 0 
6.37145e+006 0 -104.355 0 
6.37144e+006 0 -104.453 0 
6.37144e+006 0 -104.551 0 
6.37144e+006 0 -104.649 0 
6.37144e+006 0 -104.748 0 
6.37144e+006 0 -104.846 0 
6.37144e+006 0 -104.944 0 
6.37144e+006 0 -105.042 0 
6.37144e+006 0 -105.14 0 
6.37144e+006 0 -105.239 0 
6.37143e+006 0 -105.337 0 
6.37143e+006 0 -105.435 0 
6.37143e+006 0 -105.533 0 
6.37143e+006 0 -105.631 0 
6.37143e+006 0 -105.729 0 
6.37143e+006 0 -105.828 0 
6.37143e+006 0 -105.926 0 
6.37143e+006 0 -106.024 0 
6.37143e+006 0 -106.122 0 
6.37143e+006 0 -106.22 0 
6.37142e+006 0 -106.319 0 
6.37142e+006 0 -106.417 0 
6.37142e+006 0 -106.515 0 
6.37142e+006 0 -106.613 0 
6.37142e+006 0 -106.711 0 
6.37142e+006 0 -106.809 0 
6.37142e+006 0 -106.908 0 
6.37142e+006 0 -107.006 0 
6.37142e+006 0 -107.104 0 
6.37141e+006 0 -107.202 0 
6.37141e+006 0 -107.3 0 
6.37141e+006 0 -107.399 0 
6.37141e+006 0 -107.497 0 
6.37141e+006 0 -107.595 0 
6.37141e+006 0 -107.693 0 
6.37141e+006 0 -107.791 0 
6.37141e+006 0 -107.889 0 
6.37141e+006 0 -107.988 0 
6.37141e+006 0 -108.086 0 
6.3714e+006 0 -108.184 0 
6.3714e+006 0 -108.282 0 
6.3714e+006 0 -108.38 0 
6.3714e+006 0 -108.479 0 
6.3714e+006 0 -108.577 0 
6.3714e+006 0 -108.675 0 
6.3714e+006 0 -108.773 0 
6.3714e+006 0 -108.871 0 
6.3714e+006 0 -108.969 0 
6.37139e+006 0 -109.068 0 
6.37139e+006 0 -109.166 0 
6.37139e+006 0 -109.264 0 
6.37139e+006 0 -109.362 0 
6.37139e+006 0 -109.46 0 
6.37139e+006 0 -109.559 0 
6.37139e+006 0 -109.657 0 
6.37139e+006 0 -109.755 0 
6.37139e+006 0 -109.853 0 
6.37138e+006 0 -109.951 0 
6.37138e+006 0 -110.05 0 
6.37138e+006 0 -110.148 0 
6.37138e+006 0 -110.246 0 
6.37138e+006 0 -110.344 0 
6.37138e+006 0 -110.442 0 
6.37138e+006 0 -110.54 0 
6.37138e+006 0 -110.639 0 
6.37138e+006 0 -110.737 0 
6.37137e+006 0 -110.835 0 
6.37137e+006 0 -110.933 0 
6.37137e+006 0 -111.031 0 
6.37137e+006 0 -111.13 0 
6.37137e+006 0 -111.228 0 
6.37137e+006 0 -111.326 0 
6.37137e+006 0 -111.424 0 
6.37137e+006 0 -111.522 0 
6.37137e+006 0 -111.62 0 
6.37136e+006 0 -111.719 0 
6.37136e+006 0 -111.817 0 
6.37136e+006 0 -111.915 0 
6.37136e+006 0 -112.013 0 
6.37136e+006 0 -112.111 0 
6.37136e+006 0 -112.21 0 
6.37136e+006 0 -112.308 0 
6.37136e+006 0 -112.406 0 
6.37136e+006 0 -112.504 0 
6.37135e+006 0 -112.602 0 
6.37135e+006 0 -112.7 0 
6.37135e+006 0 -112.799 0 
6.37135e+006 0 -112.897 0 
6.37135e+006 0 -112.995 0 
6.37135e+006 0 -113.093 0 
6.37135e+006 0 -113.191 0 
6.37135e+006 0 -113.29 0 
6.37135e+006 0 -113.388 0 
6.37134e+006 0 -113.486 0 
6.37134e+006 0 -113.584 0 
6.37134e+006 0 -113.682 0 
6.37134e+006 0 -113.781 0 
6.37134e+006 0 -113.879 0 
6.37134e+006 0 -113.977 0 
6.37134e+006 0 -114.075 0 
6.37134e+006 0 -114.173 0 
6.37133e+006 0 -114.271 0 
6.37133e+006 0 -114.37 0 
6.37133e+006 0 -114.468 0 
6.37133e+006 0 -114.566 0 
6.37133e+006 0 -114.664 0 
6.37133e+006 0 -114.762 0 
6.37133e+006 0 -114.861 0 
6.37133e+006 0 -114.959 0 
6.37133e+006 0 -115.057 0 
6.37132e+006 0 -115.155 0 
6.37132e+006 0 -115.253 0 
6.37132e+006 0 -115.351 0 
6.37132e+006 0 -115.45 0 
6.37132e+006 0 -115.548 0 
6.37132e+006 0 -115.646 0 
6.37132e+006 0 -115.744 0 
6.37132e+006 0 -115.842 0 
6.37132e+006 0 -115.941 0 
6.37131e+006 0 -116.039 0 
6.37131e+006 0 -116.137 0 
6.37131e+006 0 -116.235 0 
6.37131e+006 0 -116.333 0 
6.37131e+006 0 -116.432 0 
6.37131e+006 0 -116.53 0 
6.37131e+006 0 -116.628 0 
6.37131e+006 0 -116.726 0 
6.3713e+006 0 -116.824 0 
6.3713e+006 0 -116.922 0 
6.3713e+006 0 -117.021 0 
6.3713e+006 0 -117.119 0 
6.3713e+006 0 -117.217 0 
6.3713e+006 0 -117.315 0 
6.3713e+006 0 -117.413 0 
6.3713e+006 0 -117.512 0 
6.3713e+006 0 -117.61 0 
6.37129e+006 0 -117.708 0 
6.37129e+006 0 -117.806 0 
6.37129e+006 0 -117.904 0 
6.37129e+006 0 -118.002 0 
6.37129e+006 0 -118.101 0 
6.37129e+006 0 -118.199 0 
6.37129e+006 0 -118.297 0 
6.37129e+006 0 -118.395 0 
6.37128e+006 0 -118.493 0 
6.37128e+006 0 -118.592 0 
6.37128e+006 0 -118.69 0 
6.37128e+006 0 -118.788 0 
6.37128e+006 0 -118.886 0 
6.37128e+006 0 -118.984 0 
6.37128e+006 0 -119.083 0 
6.37128e+006 0 -119.181 0 
6.37128e+006 0 -119.279 0 
6.37127e+006 0 -119.377 0 
6.37127e+006 0 -119.475 0 
6.37127e+006 0 -119.573 0 
6.37127e+006 0 -119.672 0 
6.37127e+006 0 -119.77 0 
6.37127e+006 0 -119.868 0 
6.37127e+006 0 -119.966 0 
6.37127e+006 0 -120.064 0 
6.37126e+006 0 -120.163 0 
6.37126e+006 0 -120.261 0 
6.37126e+006 0 -120.359 0 
6.37126e+006 0 -120.457 0 
6.37126e+006 0 -120.555 0 
6.37126e+006 0 -120.654 0 
6.37126e+006 0 -120.752 0 
6.37126e+006 0 -120.85 0 
6.37125e+006 0 -120.948 0 
6.37125e+006 0 -121.046 0 
6.37125e+006 0 -121.144 0 
6.37125e+006 0 -121.243 0 
6.37125e+006 0 -121.341 0 
6.37125e+006 0 -121.439 0 
6.37125e+006 0 -121.537 0 
6.37125e+006 0 -121.635 0 
6.37125e+006 0 -121.734 0 
6.37124e+006 0 -121.832 0 
6.37124e+006 0 -121.93 0 
6.37124e+006 0 -122.028 0 
6.37124e+006 0 -122.126 0 
6.37124e+006 0 -122.225 0 
6.37124e+006 0 -122.323 0 
6.37124e+006 0 -122.421 0 
6.37124e+006 0 -122.519 0 
6.37123e+006 0 -122.617 0 
6.37123e+006 0 -122.715 0 
6.37123e+006 0 -122.814 0 
6.37123e+006 0 -122.912 0 
6.37123e+006 0 -123.01 0 
6.37123e+006 0 -123.108 0 
6.37123e+006 0 -123.206 0 
6.37123e+006 0 -123.305 0 
6.37122e+006 0 -123.403 0 
6.37122e+006 0 -123.501 0 
6.37122e+006 0 -123.599 0 
6.37122e+006 0 -123.697 0 
6.37122e+006 0 -123.796 0 
6.37122e+006 0 -123.894 0 
6.37122e+006 0 -123.992 0 
6.37122e+006 0 -124.09 0 
6.37121e+006 0 -124.188 0 
6.37121e+006 0 -124.286 0 
6.37121e+006 0 -124.385 0 
6.37121e+006 0 -124.483 0 
6.37121e+006 0 -124.581 0 
6.37121e+006 0 -124.679 0 
6.37121e+006 0 -124.777 0 
6.37121e+006 0 -124.876 0 
6.3712e+006 0 -124.974 0 
6.3712e+006 0 -125.072 0 
6.3712e+006 0 -125.17 0 
6.3712e+006 0 -125.268 0 
6.3712e+006 0 -125.367 0 
6.3712e+006 0 -125.465 0 
6.3712e+006 0 -125.563 0 
6.3712e+006 0 -125.661 0 
6.37119e+006 0 -125.759 0 
6.37119e+006 0 -125.858 0 
6.37119e+006 0 -125.956 0 
6.37119e+006 0 -126.054 0 
6.37119e+006 0 -126.152 0 
6.37119e+006 0 -126.25 0 
6.37119e+006 0 -126.348 0 
6.37119e+006 0 -126.447 0 
6.37118e+006 0 -126.545 0 
6.37118e+006 0 -126.643 0 
6.37118e+006 0 -126.741 0 
6.37118e+006 0 -126.839 0 
6.37118e+006 0 -126.938 0 
6.37118e+006 0 -127.036 0 
6.37118e+006 0 -127.134 0 
6.37118e+006 0 -127.232 0 
6.37117e+006 0 -127.33 0 
6.37117e+006 0 -127.429 0 
6.37117e+006 0 -127.527 0 
6.37117e+006 0 -127.625 0 
6.37117e+006 0 -127.723 0 
6.37117e+006 0 -127.821 0 
6.37117e+006 0 -127.919 0 
6.37117e+006 0 -128.018 0 
6.37116e+006 0 -128.116 0 
6.37116e+006 0 -128.214 0 
6.37116e+006 0 -128.312 0 
6.37116e+006 0 -128.41 0 
6.37116e+006 0 -128.509 0 
6.37116e+006 0 -128.607 0 
6.37116e+006 0 -128.705 0 
6.37116e+006 0 -128.803 0 
6.37115e+006 0 -128.901 0 
6.37115e+006 0 -129 0 
6.37115e+006 0 -129.098 0 
6.37115e+006 0 -129.196 0 
6.37115e+006 0 -129.294 0 
6.37115e+006 0 -129.392 0 
6.37115e+006 0 -129.491 0 
6.37114e+006 0 -129.589 0 
6.37114e+006 0 -129.687 0 
6.37114e+006 0 -129.785 0 
6.37114e+006 0 -129.883 0 
6.37114e+006 0 -129.982 0 
6.37114e+006 0 -130.08 0 
6.37114e+006 0 -130.178 0 
6.37114e+006 0 -130.276 0 
6.37113e+006 0 -130.374 0 
6.37113e+006 0 -130.472 0 
6.37113e+006 0 -130.571 0 
6.37113e+006 0 -130.669 0 
6.37113e+006 0 -130.767 0 
6.37113e+006 0 -130.865 0 
6.37113e+006 0 -130.963 0 
6.37113e+006 0 -131.062 0 
6.37112e+006 0 -131.16 0 
6.37112e+006 0 -131.258 0 
6.37112e+006 0 -131.356 0 
6.37112e+006 0 -131.454 0 
6.37112e+006 0 -131.553 0 
6.37112e+006 0 -131.651 0 
6.37112e+006 0 -131.749 0 
6.37111e+006 0 -131.847 0 
6.37111e+006 0 -131.945 0 
6.37111e+006 0 -132.044 0 
6.37111e+006 0 -132.142 0 
6.37111e+006 0 -132.24 0 
6.37111e+006 0 -132.338 0 
6.37111e+006 0 -132.436 0 
6.37111e+006 0 -132.534 0 
6.3711e+006 0 -132.633 0 
6.3711e+006 0 -132.731 0 
6.3711e+006 0 -132.829 0 
6.3711e+006 0 -132.927 0 
6.3711e+006 0 -133.025 0 
6.3711e+006 0 -133.124 0 
6.3711e+006 0 -133.222 0 
6.37109e+006 0 -133.32 0 
6.37109e+006 0 -133.418 0 
6.37109e+006 0 -133.516 0 
6.37109e+006 0 -133.615 0 
6.37109e+006 0 -133.713 0 
6.37109e+006 0 -133.811 0 
6.37109e+006 0 -133.909 0 
6.37109e+006 0 -134.007 0 
6.37108e+006 0 -134.106 0 
6.37108e+006 0 -134.204 0 
6.37108e+006 0 -134.302 0 
6.37108e+006 0 -134.4 0 
6.37108e+006 0 -134.498 0 
6.37108e+006 0 -134.597 0 
6.37108e+006 0 -134.695 0 
6.37107e+006 0 -134.793 0 
6.37107e+006 0 -134.891 0 
6.37107e+006 0 -134.989 0 
6.37107e+006 0 -135.087 0 
6.37107e+006 0 -135.186 0 
6.37107e+006 0 -135.284 0 
6.37107e+006 0 -135.382 0 
6.37107e+006 0 -135.48 0 
6.37106e+006 0 -135.578 0 
6.37106e+006 0 -135.677 0 
6.37106e+006 0 -135.775 0 
6.37106e+006 0 -135.873 0 
6.37106e+006 0 -135.971 0 
6.37106e+006 0 -136.069 0 
6.37106e+006 0 -136.168 0 
6.37105e+006 0 -136.266 0 
6.37105e+006 0 -136.364 0 
6.37105e+006 0 -136.462 0 
6.37105e+006 0 -136.56 0 
6.37105e+006 0 -136.659 0 
6.37105e+006 0 -136.757 0 
6.37105e+006 0 -136.855 0 
6.37104e+006 0 -136.953 0 
6.37104e+006 0 -137.051 0 
6.37104e+006 0 -137.15 0 
6.37104e+006 0 -137.248 0 
6.37104e+006 0 -137.346 0 
6.37104e+006 0 -137.444 0 
6.37104e+006 0 -137.542 0 
6.37104e+006 0 -137.641 0 
6.37103e+006 0 -137.739 0 
6.37103e+006 0 -137.837 0 
6.37103e+006 0 -137.935 0 
6.37103e+006 0 -138.033 0 
6.37103e+006 0 -138.131 0 
6.37103e+006 0 -138.23 0 
6.37103e+006 0 -138.328 0 
6.37102e+006 0 -138.426 0 
6.37102e+006 0 -138.524 0 
6.37102e+006 0 -138.622 0 
6.37102e+006 0 -138.721 0 
6.37102e+006 0 -138.819 0 
6.37102e+006 0 -138.917 0 
6.37102e+006 0 -139.015 0 
6.37101e+006 0 -139.113 0 
6.37101e+006 0 -139.212 0 
6.37101e+006 0 -139.31 0 
6.37101e+006 0 -139.408 0 
6.37101e+006 0 -139.506 0 
6.37101e+006 0 -139.604 0 
6.37101e+006 0 -139.703 0 
6.371e+006 0 -139.801 0 
6.371e+006 0 -139.899 0 
6.371e+006 0 -139.997 0 
6.371e+006 0 -140.095 0 
6.371e+006 0 -140.194 0 
